           ********************************************
           *******INPUT FILE FOR BAND STRUCTURE********
           ********************************************
   KTYPE = 3   KSCAN = 1   KEMB  = 1    LMAX = 4   NCOMP = 4   NUNIT = 6
 ALPHA =    1.000000  BETA =    1.000000   FAB =   90.000000  RMAX =   16.000000
  NP =  27  ZINF =   0.80000000  ZSUP =   1.050000000
  THETA/AK(1) =   0.00000000     FI/AK(2) =   0.00000000   POLAR =S     FEIN =   0.00

Give information for the "NCOMP" components 

     IT  = 2
     MUMED =   1.00000000   0.00000000     EPSMED=   2.00000000   0.00000000
   NPLAN = 2  NLAYER = 1
       S =   0.35000000     MUSPH =   1.00000000   0.00000000     EPSSPH=   5.00000000   0.00000000
xyzDL 0.0  0.0  0.4
xyzDR 0.25 0.25 0.3
       S =   0.35000000     MUSPH =   1.00000000   0.00000000     EPSSPH=   5.00000000   0.00000000
xyzDL 0.25 0.25 0.3
xyzDR 0.25 0.25 0.4
     IT  = 1
  DSLAB       =   0.00000000    
     MU1   =   1.00000000   0.00000000     EPS1  =   2.00000000   0.00000000
     MU2   =   1.00000000   0.00000000     EPS2  =   1.10000000   0.00000000
     MU3   =   1.00000000   0.00000000     EPS3  =   7.00000000   0.00000000
xyzDL 0.0  0.0  0.0
xyzDR 0.0  0.0  0.0
     IT  = 2
     MUMED =   1.00000000   0.00000000     EPSMED=   7.00000000   0.00000000
   NPLAN = 1  NLAYER = 1
       S =   0.25000000     MUSPH =   1.00000000   0.00000000     EPSSPH=   5.00000000   0.00000000
xyzDL 0.25 0.25 0.3
xyzDR 0.0  0.0  0.3
     IT  = 1
  DSLAB       =   1.00000000    
     MU1   =   1.00000000   0.00000000     EPS1  =   7.00000000   0.00000000
     MU2   =   1.00000000   0.00000000     EPS2  =   9.00000000   0.00000000
     MU3   =   1.00000000   0.00000000     EPS3  =   2.00000000   0.00000000
xyzDL 0.0  0.0  0.0
xyzDR 0.0  0.0  0.0
xyzAL 0.0  0.0  3.0
 
 
